36
1024 1024 36 36 50
Data/Animation/img_0000.png 0.0000000 1.0000000 -0.0000000 -0.0000000 0.0000000 -1.0000000 -1.0000000 0.0000000 0.0000000 -0.0000000 -0.0000000 18.0000000
Data/Animation/img_0001.png -0.1736482 0.9848078 0.0000000 -0.0000000 0.0000000 -1.0000000 -0.9848077 -0.1736482 0.0000000 -0.0000000 -0.0000000 18.0000000
Data/Animation/img_0002.png -0.3420202 0.9396926 0.0000000 -0.0000000 0.0000000 -1.0000000 -0.9396926 -0.3420202 0.0000000 -0.0000000 -0.0000000 18.0000000
Data/Animation/img_0003.png -0.5000000 0.8660254 0.0000000 -0.0000000 0.0000000 -1.0000000 -0.8660254 -0.5000000 0.0000000 -0.0000000 -0.0000000 18.0000000
Data/Animation/img_0004.png -0.6427876 0.7660444 0.0000000 -0.0000000 0.0000000 -1.0000000 -0.7660444 -0.6427876 0.0000000 0.0000010 -0.0000000 18.0000000
Data/Animation/img_0005.png -0.7660445 0.6427876 0.0000000 -0.0000000 0.0000000 -1.0000000 -0.6427876 -0.7660445 0.0000000 -0.0000000 -0.0000000 18.0000000
Data/Animation/img_0006.png -0.8660254 0.4999999 0.0000000 -0.0000000 0.0000000 -1.0000000 -0.4999999 -0.8660254 0.0000000 -0.0000000 -0.0000000 18.0000000
Data/Animation/img_0007.png -0.9396927 0.3420200 0.0000000 -0.0000000 0.0000000 -1.0000000 -0.3420200 -0.9396927 0.0000000 0.0000005 -0.0000000 18.0000019
Data/Animation/img_0008.png -0.9848078 0.1736481 0.0000000 -0.0000000 0.0000000 -1.0000000 -0.1736481 -0.9848077 0.0000000 -0.0000002 -0.0000000 18.0000000
Data/Animation/img_0009.png -1.0000000 -0.0000000 0.0000000 0.0000000 -0.0000000 -1.0000000 0.0000000 -1.0000000 0.0000000 -0.0000000 -0.0000000 18.0000000
Data/Animation/img_0010.png -0.9848077 -0.1736483 0.0000000 0.0000000 -0.0000000 -1.0000000 0.1736483 -0.9848077 0.0000000 -0.0000000 -0.0000000 18.0000000
Data/Animation/img_0011.png -0.9396926 -0.3420202 0.0000000 0.0000000 -0.0000000 -1.0000000 0.3420202 -0.9396926 0.0000000 -0.0000005 -0.0000000 18.0000000
Data/Animation/img_0012.png -0.8660254 -0.5000001 0.0000000 0.0000000 -0.0000000 -1.0000000 0.5000001 -0.8660254 0.0000000 -0.0000000 -0.0000000 18.0000000
Data/Animation/img_0013.png -0.7660444 -0.6427876 0.0000000 0.0000000 -0.0000000 -1.0000000 0.6427876 -0.7660444 0.0000000 0.0000010 -0.0000000 18.0000000
Data/Animation/img_0014.png -0.6427875 -0.7660446 0.0000000 0.0000000 -0.0000000 -1.0000000 0.7660446 -0.6427875 0.0000000 -0.0000000 -0.0000000 18.0000019
Data/Animation/img_0015.png -0.4999999 -0.8660255 0.0000000 0.0000000 -0.0000000 -1.0000000 0.8660255 -0.4999999 0.0000000 -0.0000000 -0.0000000 18.0000000
Data/Animation/img_0016.png -0.3420200 -0.9396927 0.0000000 0.0000000 -0.0000000 -1.0000000 0.9396927 -0.3420200 0.0000000 0.0000005 -0.0000000 18.0000019
Data/Animation/img_0017.png -0.1736481 -0.9848078 0.0000000 0.0000000 -0.0000000 -1.0000000 0.9848077 -0.1736481 0.0000000 -0.0000000 -0.0000000 18.0000000
Data/Animation/img_0018.png 0.0000001 -1.0000000 0.0000000 0.0000000 0.0000000 -1.0000000 1.0000000 0.0000001 0.0000000 -0.0000000 -0.0000000 18.0000000
Data/Animation/img_0019.png 0.1736485 -0.9848077 0.0000000 0.0000000 0.0000000 -1.0000000 0.9848077 0.1736485 0.0000000 -0.0000000 -0.0000000 18.0000019
Data/Animation/img_0020.png 0.3420204 -0.9396926 0.0000000 0.0000000 0.0000000 -1.0000000 0.9396926 0.3420204 0.0000000 -0.0000000 -0.0000000 18.0000038
Data/Animation/img_0021.png 0.5000002 -0.8660253 0.0000000 0.0000000 0.0000000 -1.0000000 0.8660253 0.5000002 0.0000000 0.0000010 -0.0000000 18.0000000
Data/Animation/img_0022.png 0.6427878 -0.7660443 0.0000000 0.0000000 0.0000000 -1.0000000 0.7660443 0.6427878 0.0000000 -0.0000010 -0.0000000 18.0000000
Data/Animation/img_0023.png 0.7660446 -0.6427875 0.0000000 0.0000000 0.0000000 -1.0000000 0.6427875 0.7660446 0.0000000 -0.0000000 -0.0000000 18.0000000
Data/Animation/img_0024.png 0.8660255 -0.4999999 0.0000000 0.0000000 0.0000000 -1.0000000 0.4999999 0.8660254 0.0000000 0.0000005 -0.0000000 18.0000000
Data/Animation/img_0025.png 0.9396927 -0.3420201 0.0000000 0.0000000 0.0000000 -1.0000000 0.3420201 0.9396927 0.0000000 -0.0000000 -0.0000000 18.0000019
Data/Animation/img_0026.png 0.9848078 -0.1736481 0.0000000 0.0000000 0.0000000 -1.0000000 0.1736481 0.9848077 0.0000000 -0.0000002 -0.0000000 18.0000000
Data/Animation/img_0027.png 1.0000000 0.0000005 -0.0000000 -0.0000000 0.0000000 -1.0000000 -0.0000005 1.0000000 0.0000000 -0.0000000 -0.0000000 18.0000000
Data/Animation/img_0028.png 0.9848077 0.1736486 -0.0000000 -0.0000000 0.0000000 -1.0000000 -0.1736486 0.9848077 0.0000000 -0.0000000 -0.0000000 17.9999981
Data/Animation/img_0029.png 0.9396925 0.3420205 -0.0000000 -0.0000000 0.0000000 -1.0000000 -0.3420205 0.9396925 0.0000000 -0.0000000 -0.0000000 18.0000000
Data/Animation/img_0030.png 0.8660252 0.5000004 -0.0000000 -0.0000000 0.0000000 -1.0000000 -0.5000004 0.8660252 0.0000000 -0.0000005 -0.0000000 18.0000000
Data/Animation/img_0031.png 0.7660443 0.6427879 -0.0000000 -0.0000000 0.0000000 -1.0000000 -0.6427879 0.7660442 0.0000000 -0.0000000 -0.0000000 18.0000000
Data/Animation/img_0032.png 0.6427874 0.7660446 -0.0000000 -0.0000000 0.0000000 -1.0000000 -0.7660446 0.6427874 0.0000000 -0.0000000 -0.0000000 18.0000000
Data/Animation/img_0033.png 0.4999998 0.8660256 -0.0000000 -0.0000000 0.0000000 -1.0000000 -0.8660256 0.4999998 0.0000000 -0.0000000 -0.0000000 18.0000000
Data/Animation/img_0034.png 0.3420199 0.9396927 -0.0000000 -0.0000000 0.0000000 -1.0000000 -0.9396927 0.3420199 0.0000000 0.0000005 -0.0000000 18.0000000
Data/Animation/img_0035.png 0.1736480 0.9848078 -0.0000000 -0.0000000 0.0000000 -1.0000000 -0.9848077 0.1736480 0.0000000 -0.0000002 -0.0000000 17.9999981
