36
800 600 30 22.5 24
Data/Animation/img_0000.png 0.0000000 1.0000000 -0.0000000 0.1474420 -0.0000000 -0.9890707 -0.9890707 0.0000000 -0.1474420 -0.0000000 -49.4535370 331.7443848
Data/Animation/img_0001.png -0.1736482 0.9848077 0.0000000 0.1452020 0.0256030 -0.9890707 -0.9740445 -0.1717504 -0.1474420 0.0000038 -49.4535370 331.7443848
Data/Animation/img_0002.png -0.3420202 0.9396926 0.0000000 0.1385501 0.0504281 -0.9890707 -0.9294224 -0.3382821 -0.1474420 -0.0000076 -49.4535370 331.7443848
Data/Animation/img_0003.png -0.5000001 0.8660254 0.0000000 0.1276885 0.0737210 -0.9890707 -0.8565603 -0.4945354 -0.1474420 0.0000153 -49.4535408 331.7443542
Data/Animation/img_0004.png -0.6427876 0.7660444 0.0000000 0.1129471 0.0947739 -0.9890707 -0.7576721 -0.6357625 -0.1474420 0.0000153 -49.4535370 331.7444153
Data/Animation/img_0005.png -0.7660444 0.6427876 0.0000000 0.0947739 0.1129471 -0.9890707 -0.6357624 -0.7576721 -0.1474420 -0.0000000 -49.4535370 331.7443848
Data/Animation/img_0006.png -0.8660254 0.5000000 0.0000000 0.0737210 0.1276885 -0.9890708 -0.4945353 -0.8565604 -0.1474420 -0.0000000 -49.4535370 331.7444153
Data/Animation/img_0007.png -0.9396927 0.3420200 0.0000000 0.0504281 0.1385501 -0.9890708 -0.3382820 -0.9294225 -0.1474420 -0.0000000 -49.4535370 331.7444153
Data/Animation/img_0008.png -0.9848077 0.1736481 0.0000000 0.0256030 0.1452020 -0.9890707 -0.1717502 -0.9740445 -0.1474420 -0.0000076 -49.4535446 331.7443848
Data/Animation/img_0009.png -1.0000000 -0.0000000 0.0000000 -0.0000000 0.1474420 -0.9890707 0.0000000 -0.9890707 -0.1474420 -0.0000000 -49.4535370 331.7443848
Data/Animation/img_0010.png -0.9848077 -0.1736483 0.0000000 -0.0256030 0.1452020 -0.9890708 0.1717504 -0.9740445 -0.1474420 -0.0000000 -49.4535370 331.7443848
Data/Animation/img_0011.png -0.9396926 -0.3420202 0.0000000 -0.0504281 0.1385501 -0.9890708 0.3382822 -0.9294224 -0.1474420 -0.0000000 -49.4535408 331.7443848
Data/Animation/img_0012.png -0.8660254 -0.5000001 0.0000000 -0.0737210 0.1276885 -0.9890707 0.4945354 -0.8565603 -0.1474420 0.0000153 -49.4535370 331.7443848
Data/Animation/img_0013.png -0.7660444 -0.6427876 0.0000000 -0.0947739 0.1129471 -0.9890707 0.6357625 -0.7576721 -0.1474420 0.0000153 -49.4535370 331.7444153
Data/Animation/img_0014.png -0.6427875 -0.7660446 0.0000000 -0.1129471 0.0947738 -0.9890707 0.7576723 -0.6357622 -0.1474420 -0.0000153 -49.4535408 331.7443848
Data/Animation/img_0015.png -0.4999998 -0.8660255 0.0000000 -0.1276885 0.0737210 -0.9890707 0.8565605 -0.4945352 -0.1474420 -0.0000153 -49.4535370 331.7443848
Data/Animation/img_0016.png -0.3420200 -0.9396927 0.0000000 -0.1385501 0.0504281 -0.9890708 0.9294225 -0.3382820 -0.1474420 -0.0000076 -49.4535370 331.7444153
Data/Animation/img_0017.png -0.1736481 -0.9848077 0.0000000 -0.1452020 0.0256030 -0.9890707 0.9740446 -0.1717502 -0.1474420 -0.0000076 -49.4535408 331.7444153
Data/Animation/img_0018.png 0.0000001 -1.0000000 0.0000000 -0.1474420 -0.0000000 -0.9890707 0.9890707 0.0000001 -0.1474420 -0.0000000 -49.4535370 331.7443848
Data/Animation/img_0019.png 0.1736484 -0.9848077 0.0000000 -0.1452020 -0.0256031 -0.9890707 0.9740445 0.1717506 -0.1474420 -0.0000000 -49.4535370 331.7444153
Data/Animation/img_0020.png 0.3420203 -0.9396925 0.0000000 -0.1385501 -0.0504282 -0.9890708 0.9294224 0.3382823 -0.1474420 -0.0000076 -49.4535408 331.7444458
Data/Animation/img_0021.png 0.5000002 -0.8660253 0.0000000 -0.1276885 -0.0737210 -0.9890707 0.8565602 0.4945355 -0.1474420 -0.0000153 -49.4535408 331.7443848
Data/Animation/img_0022.png 0.6427878 -0.7660443 0.0000000 -0.1129471 -0.0947739 -0.9890708 0.7576720 0.6357626 -0.1474420 -0.0000000 -49.4535408 331.7443848
Data/Animation/img_0023.png 0.7660445 -0.6427875 0.0000000 -0.0947739 -0.1129471 -0.9890708 0.6357623 0.7576723 -0.1474420 -0.0000000 -49.4535370 331.7444153
Data/Animation/img_0024.png 0.8660254 -0.4999999 0.0000000 -0.0737210 -0.1276885 -0.9890707 0.4945353 0.8565604 -0.1474420 -0.0000000 -49.4535370 331.7443848
Data/Animation/img_0025.png 0.9396927 -0.3420201 0.0000000 -0.0504281 -0.1385501 -0.9890708 0.3382820 0.9294225 -0.1474420 -0.0000000 -49.4535370 331.7444153
Data/Animation/img_0026.png 0.9848077 -0.1736481 0.0000000 -0.0256030 -0.1452020 -0.9890707 0.1717503 0.9740445 -0.1474420 -0.0000038 -49.4535370 331.7444153
Data/Animation/img_0027.png 1.0000000 0.0000005 -0.0000000 0.0000001 -0.1474420 -0.9890707 -0.0000005 0.9890707 -0.1474420 -0.0000000 -49.4535370 331.7443848
Data/Animation/img_0028.png 0.9848077 0.1736486 -0.0000000 0.0256031 -0.1452020 -0.9890707 -0.1717508 0.9740444 -0.1474420 -0.0000000 -49.4535408 331.7443542
Data/Animation/img_0029.png 0.9396925 0.3420205 -0.0000000 0.0504282 -0.1385501 -0.9890708 -0.3382825 0.9294223 -0.1474420 -0.0000000 -49.4535408 331.7444153
Data/Animation/img_0030.png 0.8660252 0.5000004 -0.0000000 0.0737210 -0.1276885 -0.9890707 -0.4945357 0.8565601 -0.1474420 0.0000153 -49.4535408 331.7443848
Data/Animation/img_0031.png 0.7660443 0.6427879 -0.0000000 0.0947739 -0.1129471 -0.9890707 -0.6357626 0.7576719 -0.1474420 -0.0000153 -49.4535446 331.7443848
Data/Animation/img_0032.png 0.6427874 0.7660446 -0.0000000 0.1129471 -0.0947738 -0.9890707 -0.7576723 0.6357622 -0.1474420 -0.0000153 -49.4535370 331.7444153
Data/Animation/img_0033.png 0.4999998 0.8660255 -0.0000000 0.1276885 -0.0737210 -0.9890707 -0.8565605 0.4945351 -0.1474420 -0.0000153 -49.4535370 331.7443848
Data/Animation/img_0034.png 0.3420199 0.9396927 -0.0000000 0.1385501 -0.0504281 -0.9890707 -0.9294225 0.3382819 -0.1474420 -0.0000000 -49.4535408 331.7443848
Data/Animation/img_0035.png 0.1736480 0.9848078 -0.0000000 0.1452020 -0.0256030 -0.9890708 -0.9740446 0.1717501 -0.1474420 -0.0000038 -49.4535408 331.7444153
